104 33
3 105
33 146
96 153
199 20
114 193
85 178
110 110
68 20
179 110
83 186
145 139
175 176
126 94
8 45
139 96
59 88
151 144
170 175
121 177
155 69
187 13
96 97
90 93
45 2
22 149
99 138
191 72
177 137
7 37
48 66
136 109
32 83
72 111
180 90
21 114
39 94
150 81
62 74
26 174
19 142
34 94
34 92
71 195
32 162
22 19
141 5
31 106
94 116
172 167
194 181
87 142
182 178
4 194
45 65
38 29
165 197
60 191
191 175
162 158
43 104
52 51
199 28
167 158
153 52
54 2
112 84
109 40
53 154
150 115
65 46
189 50
161 81
154 20
54 86
118 101
91 144
152 172
175 94
41 139
196 174
81 18
89 119
133 68
47 30
88 127
93 180
4 128
116 77
79 82
141 167
13 62
127 67
192 126
96 15
81 22
113 71
190 100
140 99
179 194
91 8
166 28
176 98
86 159
99 3
114 124
41 171
79 176
1 90
109 110
183 149
199 56
199 16
164 54
55 161
84 148
109 169
27 36
159 108
106 138
83 117
171 41
148 98
156 108
93 93
143 106
44 133
148 93
9 138
8 25
108 53
140 29
54 64
103 45
13 186
40 20
83 45
141 132
110 13
114 69
175 27
46 111
17 108
81 16
141 101
30 3
184 95
184 35
87 110
63 92
111 144
187 6
97 25
32 123
37 126
149 51
3 25
47 78
4 74
99 63
61 138
9 50
110 96
5 27
132 21
98 180
136 34
119 68
22 74
116 72
143 145
6 132
39 101
149 12
107 171
3 41
136 112
2 198
21 141
8 14
128 125
119 167
90 39
49 60
83 165
137 161
189 80
147 43
64 136
106 165
68 3
106 70
125 133
144 192
181 76
74 193
162 81
149 103
84 98
50 71
